
# ==== paste into propagation/guards.py ============================
# Conservative high-activity NRLMSISE-00 per-species NUMBER densities
# [1/m^3] vs geodetic altitude [km], captured by
# scripts/generate_kn_floor_composition.py at the fixed profile:
#   conservative high-activity (F10.7=250, Ap=45, equatorial dayside), 2002-07-01T12:00.
# See that script + experiments/.../kn_floor.py for the sigma table and
# the section 5 cross-check. Deterministic (not the run's space weather).
_KN_FLOOR_ALTITUDE_KM = (80.0, 90.0, 100.0, 110.0, 120.0, 130.0, 140.0, 150.0, 160.0, 170.0, 180.0, 190.0, 200.0, 210.0, 220.0, 230.0, 240.0, 250.0, 260.0, 270.0, 280.0, 290.0, 300.0, 310.0, 320.0, 330.0, 340.0, 350.0, 360.0, 370.0, 380.0, 390.0, 400.0, 410.0, 420.0, 430.0, 440.0, 450.0)
_KN_FLOOR_NUMBER_DENSITY_M3 = {
    "N2": (2.995348e+20, 5.329309e+19, 8.193238e+18, 1.496339e+18, 3.228655e+17, 1.106591e+17, 5.344589e+16, 3.047161e+16, 1.915198e+16, 1.282044e+16, 8.969197e+15, 6.476475e+15, 4.788180e+15, 3.604410e+15, 2.751682e+15, 2.124167e+15, 1.654423e+15, 1.297895e+15, 1.024236e+15, 8.122354e+14, 6.467460e+14, 5.167432e+14, 4.140753e+14, 3.326341e+14, 2.677870e+14, 2.159871e+14, 1.744955e+14, 1.411817e+14, 1.143788e+14, 9.277502e+13, 7.533390e+13, 6.123315e+13, 4.981839e+13, 4.056701e+13, 3.306106e+13, 2.696512e+13, 2.200978e+13, 1.797807e+13),
    "O2": (7.212987e+19, 1.155235e+19, 1.456793e+18, 1.953631e+17, 2.992008e+16, 7.514641e+15, 2.738768e+15, 1.218594e+15, 6.215939e+14, 3.508078e+14, 2.135804e+14, 1.376695e+14, 9.266121e+13, 6.446561e+13, 4.601040e+13, 3.349883e+13, 2.477371e+13, 1.854902e+13, 1.402883e+13, 1.069146e+13, 8.200327e+12, 6.322520e+12, 4.895657e+12, 3.804331e+12, 2.965124e+12, 2.316902e+12, 1.814329e+12, 1.423456e+12, 1.118644e+12, 8.803997e+11, 6.938150e+11, 5.474336e+11, 4.324156e+11, 3.419153e+11, 2.706176e+11, 2.143830e+11, 1.699820e+11, 1.348891e+11),
    "O": (3.702332e+15, 2.763780e+17, 4.705313e+17, 2.430127e+17, 9.506818e+16, 4.653501e+16, 2.904605e+16, 2.037139e+16, 1.523405e+16, 1.184449e+16, 9.459557e+15, 7.710185e+15, 6.386279e+15, 5.358268e+15, 4.542458e+15, 3.883040e+15, 3.341748e+15, 2.891671e+15, 2.513416e+15, 2.192688e+15, 1.918727e+15, 1.683273e+15, 1.479875e+15, 1.303035e+15, 1.149510e+15, 1.015417e+15, 8.979988e+14, 7.949605e+14, 7.043736e+14, 6.246078e+14, 5.542730e+14, 4.921803e+14, 4.373060e+14, 3.887655e+14, 3.457923e+14, 3.077193e+14, 2.739647e+14, 2.440199e+14),
    "HE": (2.064819e+15, 4.108903e+14, 1.012337e+14, 4.736206e+13, 2.798515e+13, 1.953894e+13, 1.563059e+13, 1.331817e+13, 1.177452e+13, 1.066099e+13, 9.812152e+12, 9.137593e+12, 8.583697e+12, 8.107352e+12, 7.707362e+12, 7.355912e+12, 7.042396e+12, 6.759108e+12, 6.500333e+12, 6.261760e+12, 6.040083e+12, 5.832743e+12, 5.637723e+12, 5.453428e+12, 5.278577e+12, 5.112127e+12, 4.953233e+12, 4.801194e+12, 4.655422e+12, 4.515427e+12, 4.380791e+12, 4.251154e+12, 4.126206e+12, 4.005674e+12, 3.889319e+12, 3.776924e+12, 3.668300e+12, 3.563271e+12),
    "H": (2.240761e+13, 5.064640e+13, 1.270787e+13, 4.980905e+12, 1.914483e+12, 7.776565e+11, 3.615851e+11, 1.905272e+11, 1.144852e+11, 7.787142e+10, 5.880639e+10, 4.815718e+10, 4.184163e+10, 3.790018e+10, 3.532698e+10, 3.357507e+10, 3.233245e+10, 3.141441e+10, 3.070822e+10, 3.014344e+10, 2.967512e+10, 2.927408e+10, 2.892210e+10, 2.860354e+10, 2.831006e+10, 2.802081e+10, 2.777069e+10, 2.753061e+10, 2.729910e+10, 2.707496e+10, 2.685720e+10, 2.664502e+10, 2.643777e+10, 2.623489e+10, 2.603593e+10, 2.584052e+10, 2.564836e+10, 2.545918e+10),
    "AR": (3.557995e+18, 6.144473e+17, 8.203027e+16, 1.045561e+16, 1.402664e+15, 3.302260e+14, 1.223414e+14, 5.695390e+13, 3.023202e+13, 1.744373e+13, 1.065727e+13, 6.785106e+12, 4.454774e+12, 2.994441e+12, 2.050117e+12, 1.424161e+12, 1.000947e+12, 7.105059e+11, 5.080187e+11, 3.655946e+11, 2.645257e+11, 1.922723e+11, 1.402979e+11, 1.027152e+11, 7.541795e+10, 5.551545e+10, 4.095671e+10, 3.027633e+10, 2.242137e+10, 1.663153e+10, 1.235531e+10, 9.191342e+09, 6.846488e+09, 5.106061e+09, 3.812478e+09, 2.849753e+09, 2.132390e+09, 1.597233e+09),
    "N": (1.184162e+11, 2.561843e+11, 5.085321e+11, 1.253572e+12, 2.986849e+12, 7.428584e+12, 1.768930e+13, 3.558862e+13, 5.957230e+13, 8.462886e+13, 1.052192e+14, 1.181145e+14, 1.230012e+14, 1.214341e+14, 1.155474e+14, 1.072535e+14, 9.795548e+13, 8.855422e+13, 7.956558e+13, 7.124616e+13, 6.369333e+13, 5.691381e+13, 5.086651e+13, 4.549109e+13, 4.071829e+13, 3.648073e+13, 3.271582e+13, 2.936714e+13, 2.638484e+13, 2.372520e+13, 2.135013e+13, 1.922643e+13, 1.732526e+13, 1.562140e+13, 1.409288e+13, 1.272040e+13, 1.148678e+13, 1.037767e+13),
}
# ==================================================================

floor_altitude(L) self-check  [conservative high-activity (F10.7=250, Ap=45, equatorial dayside)]
  grid: 80-450 km, 10 km step, 38 points
         body     L m  continuous km   grid km  delta m
   1U CubeSat    0.10          110.5     110.6     30.4
   3U CubeSat    0.34          118.6     118.7    116.6
     smallsat    1.00          128.4     128.7    280.5
    small bus    3.00          145.4     145.7    270.8
    large bus    5.00          156.9     157.1    171.9
   ISS module   10.00          177.2     177.3     99.3
      station   30.00          222.5     222.5     39.1
  max continuous-vs-grid delta = 280.5 m  (OK < 1 km)
  (the 'continuous km' column must match committed kn_floor_results.txt)
